opt_rev:0.531107747089
spa_rev:0.50045711541
rev_nnet:0.531
