opt_rev:2.74898192726
spa_rev:2.50041381508
rev_nnet:2.747
