opt_rev:2.38019863394
spa_rev:2.22497681083
rev_nnet:2.355
