opt_rev:2.31469343707
spa_rev:2.0252019555
rev_nnet:2.305
